l  0.0   5.0   0.1    90.0 0.0 0.0
l -3.0   3.0   0.3    0.0 90.0 0.0
l  3.0   3.0  -0.2    0.0 0.0 90.0

g  -0.8 0.4 0.1   0.025  0.012  0.000  0.015  0.000  0.12   0.25  0.8
g   0.8 1.5 0.0   0.015 -0.005  0.000  0.035  0.000  0.10   0.45  0.6
g  -0.5 1.3 -0.1   0.018  0.008 -0.002  0.022  0.001  0.09   0.35  0.4
g   0.5 0.6 0.2   0.030 -0.010  0.000  0.015  0.000  0.07   0.60  0.3
g  -0.3 1.4 -0.2   0.020  0.015  0.001  0.020  0.001  0.11   0.40  0.5
g   0.0 0.8 0.4   0.026  0.000  0.000  0.016  0.000  0.20   0.50  0.7
g   0.4 1.0 -0.3   0.006  0.000  0.000  0.008  0.000  0.04   1.00  0.9
